143.9999989271164
121 1 0
138 0 0
229 1 0
236 0 0
278 1 0
289 0 0
328 1 0
342 0 0
378 1 0
385 0 0
499 1 0
531 0 0
679 1 0
685 0 0
723 1 0
741 0 0
772 1 0
793 0 0
829 1 0
840 0 0
945 1 0
965 0 0
1094 1 0
1102 0 0
1141 1 0
1151 0 0
1191 1 0
1207 0 0
1245 1 0
1258 0 0
1379 1 0
1386 0 0
1523 1 0
1530 0 0
1576 1 0
1586 0 0
1631 1 0
1639 0 0
1681 1 0
1689 0 0
1995 1 0
2010 0 0
2025 1 0
2036 0 0
2053 1 0
2065 0 0
2083 1 0
2091 0 0
2106 1 0
2114 0 0
2126 1 0
2133 0 0
2146 1 0
2157 0 0
2173 1 0
2183 0 0
2195 1 0
2204 0 0
2219 1 0
2227 0 0
2240 1 0
2249 0 0
2264 1 0
2273 0 0
2287 1 0
2295 0 0
2308 1 0
2316 0 0
2329 1 0
2339 0 0
2353 1 0
2361 0 0
2373 1 0
2381 0 0
2394 1 0
2401 0 0
2414 1 0
2427 0 0
2443 1 0
2452 0 0
2465 1 0
2470 0 0
2515 1 0
2578 0 0
2641 1 0
2651 0 0
2665 1 0
2678 0 0
2690 1 0
2705 0 0
2734 1 0
2747 0 0
2765 1 0
2778 0 0
2789 1 0
2806 0 0
2824 1 0
2835 0 0
2851 1 0
2864 0 0
2881 1 0
2891 0 0
2904 1 0
2911 0 0
2925 1 0
2932 0 0
2939 1 0
2945 0 0
2952 1 0
2956 0 0
2989 1 0
2997 0 0
3010 1 0
3019 0 0
3031 1 0
3041 0 0
3061 1 0
3074 0 0
3086 1 0
3095 0 0
3109 1 0
3121 0 0
3130 1 0
3143 0 0
3159 1 0
3167 0 0
3185 1 0
3195 0 0
3211 1 0
3220 0 0
3231 1 0
3304 0 0
3324 1 0
3339 0 0
3363 1 0
3375 0 0
3389 1 0
3397 0 0
3417 1 0
3426 0 0
3432 1 0
3449 0 0
3461 1 0
3468 0 0
3477 1 0
3485 0 0
3490 1 0
3499 0 0
3520 1 0
3528 0 0
3539 1 0
3548 0 0
3558 1 0
3565 0 0
3579 1 0
3585 0 0
3598 1 0
3604 0 0
3614 1 0
3619 0 0
3627 1 0
3634 0 0
3643 1 0
3650 0 0
3661 1 0
3667 0 0
3678 1 0
3683 0 0
3767 1 0
3773 0 0
3864 1 0
3872 0 0
3901 1 0
3908 0 0
3983 1 0
3990 0 0
4055 1 0
4107 0 0
4214 1 0
4249 0 0
4289 1 0
4303 0 0
4327 1 0
4336 0 0
4365 1 0
4375 0 0
4424 1 0
4430 0 0
4625 1 0
4632 0 0
4679 1 0
4685 0 0
4739 1 0
4746 0 0
4871 1 0
4877 0 0
4989 1 0
5079 0 0
5199 1 0
5209 0 0
5225 1 0
5246 0 0
5450 1 0
5510 0 0
5539 1 0
5568 0 0
5621 1 0
5648 0 0
5679 1 0
5731 0 0
5759 1 0
5789 0 0
5842 1 0
5903 0 0
5958 1 0
6010 0 0
6068 1 0
6119 0 0
6149 1 0
6180 0 0
6231 1 0
6261 0 0
6277 1 0
6293 0 0
6313 1 0
6379 0 0
6445 1 0
6516 0 0
6542 1 0
6553 0 0
6586 1 0
6597 0 0
6638 1 0
6650 0 0
6684 1 0
6696 0 0
6712 1 0
6725 0 0
6740 1 0
6770 0 0
6780 1 0
6846 0 0
6876 1 0
6885 0 0
6910 1 0
6925 0 0
6935 1 0
6958 0 0
6993 1 0
6999 0 0
7045 1 0
7073 0 0
7082 1 0
7103 0 0
7116 1 0
7127 0 0
7243 1 0
7254 0 0
7349 1 0
7358 0 0
7454 1 0
7462 0 0
7555 1 0
7566 0 0
7673 1 0
7683 0 0
7776 1 0
7788 0 0
7915 1 0
7936 0 0
8324 1 0
8374 0 0
8385 1 0
8404 0 0
8421 1 0
8431 0 0
8445 1 0
8454 0 0
8462 1 0
8470 0 0
8478 1 0
8486 0 0
8499 1 0
8515 0 0
8567 1 0
8577 0 0
8601 1 0
8631 0 0
8644 1 0
8653 0 0
8663 1 0
8673 0 0
8687 1 0
8698 0 0
8712 1 0
8718 0 0
8781 1 0
8790 0 0
8843 1 0
8851 0 0
8879 1 0
8889 0 0
8940 1 0
8949 0 0
8979 1 0
8987 0 0
9070 1 0
9078 0 0
9139 1 0
9148 0 0
9192 1 0
9197 0 0
9287 1 0
9291 0 0
9350 1 0
9357 0 0
9420 1 0
9427 0 0
9526 1 0
9531 0 0
9593 1 0
9600 0 0
9668 1 0
9675 0 0
9730 1 0
9740 0 0
9809 1 0
9815 0 0
9951 1 0
9958 0 0
9969 1 0
9975 0 0
10095 1 0
10103 0 0
10120 1 0
10126 0 0
10288 1 0
10295 0 0
10337 1 0
10344 0 0
10390 1 0
10398 0 0
10433 1 0
10439 0 0
10519 1 0
10525 0 0
10557 1 0
10565 0 0
10583 1 0
10591 0 0
10617 1 0
10620 0 0
10713 1 0
10774 0 0
10827 1 0
10870 0 0
10932 1 0
10965 0 0
10997 1 0
11032 0 0
11067 1 0
11100 0 0
11135 1 0
11159 0 0
11176 1 0
11205 0 0
11241 1 0
11279 0 0
11308 1 0
11334 0 0
11370 1 0
11399 0 0
11432 1 0
11467 0 0
11502 1 0
11539 0 0
11561 1 0
11579 0 0
11602 1 0
11657 0 0
11675 1 0
11696 0 0
11731 1 0
11754 0 0
11775 1 0
11798 0 0
11839 1 0
11850 0 0
11867 1 0
11906 0 0
11921 1 0
11949 0 0
11984 1 0
12005 0 0
12017 1 0
12046 0 0
12084 1 0
12110 0 0
12156 1 0
12199 0 0
12235 1 0
12265 0 0
12298 1 0
12331 0 0
12357 1 0
12392 0 0
12644 1 0
12659 0 0
12702 1 0
12710 0 0
12799 1 0
12814 0 0
12869 1 0
12889 0 0
13015 1 0
13027 0 0
13153 1 0
13244 0 0
13290 1 0
13300 0 0
13351 1 0
13359 0 0
13422 1 0
13428 0 0
13483 1 0
13491 0 0
13554 1 0
13561 0 0
13602 1 0
13609 0 0
13729 1 0
13737 0 0
13831 1 0
13838 0 0
13942 1 0
13950 0 0
13995 1 0
14004 0 0
14046 1 0
14056 0 0
14106 1 0
14113 0 0
14144 1 0
14150 0 0
14195 1 0
14203 0 0
14253 1 0
14260 0 0
14303 1 0
14309 0 0
14375 1 0
14477 0 0
14485 1 0
14772 0 0
14806 1 0
14814 0 0
14851 1 0
14861 0 0
14885 1 0
14892 0 0
14926 1 0
14935 0 0
14956 1 0
14963 0 0
14980 1 0
14989 0 0
15017 1 0
15025 0 0
15055 1 0
15063 0 0
15099 1 0
15106 0 0
15144 1 0
15153 0 0
15173 1 0
15180 0 0
15201 1 0
15210 0 0
16205 1 1
16379 0 1
16439 1 1
16457 0 1
16480 1 1
16554 0 1
16579 1 1
16616 0 1
16787 1 1
16895 0 1
16956 1 1
16993 0 1
17025 1 0
17097 0 0
17136 1 0
17162 0 0
17211 1 0
17232 0 0
17258 1 0
17275 0 0
17295 1 0
17325 0 0
17354 1 0
17422 0 0
17478 1 0
17501 0 0
17520 1 0
17541 0 0
17559 1 0
17578 0 0
17601 1 0
17620 0 0
17647 1 0
17677 0 0
17888 1 0
18025 0 0
18035 1 0
18044 0 0
18087 1 0
18106 0 0
18117 1 0
18125 0 0
18132 1 0
18138 0 0
18146 1 0
18151 0 0
18163 1 0
18169 0 0
18177 1 0
18201 0 0
18225 1 0
18233 0 0
18247 1 0
18254 0 0
18265 1 0
18273 0 0
18285 1 0
18293 0 0
18312 1 0
18330 0 0
18348 1 0
18353 0 0
18372 1 0
18380 0 0
18388 1 0
18395 0 0
18407 1 0
18415 0 0
18423 1 0
18430 0 0
18441 1 0
18447 0 0
18459 1 0
18469 0 0
18479 1 0
18505 0 0
18523 1 0
18535 0 0
18548 1 0
18562 0 0
18632 1 0
18656 0 0
18668 1 0
18688 0 0
18699 1 0
18705 0 0
18733 1 0
18743 0 0
18759 1 0
18771 0 0
18783 1 0
18801 0 0
18813 1 0
18828 0 0
18845 1 0
18853 0 0
18868 1 0
18875 0 0
18894 1 0
18912 0 0
18928 1 0
18934 0 0
18973 1 0
18990 0 0
19000 1 0
19013 0 0
19030 1 0
19039 0 0
19052 1 0
19063 0 0
19080 1 0
19089 0 0
19102 1 0
19111 0 0
19128 1 0
19136 0 0
19158 1 0
19173 0 0
19179 1 0
19188 0 0
19205 1 0
19211 0 0
19223 1 0
19229 0 0
19239 1 0
19247 0 0
19255 1 0
19262 0 0
19281 1 0
19293 0 0
19313 1 0
19330 0 0
19347 1 0
19357 0 0
19389 1 0
19398 0 0
19408 1 0
19423 0 0
19446 1 0
19459 0 0
19472 1 0
19481 0 0
19503 1 0
19521 0 0
19578 1 0
19638 0 0
19692 1 0
19758 0 0
19809 1 0
19825 0 0
19866 1 0
19903 0 0
19914 1 0
19939 0 0
19988 1 0
20031 0 0
20050 1 0
20085 0 0
20133 1 0
20178 0 0
20225 1 0
20278 0 0
20318 1 0
20364 0 0
20411 1 0
20420 0 0
20441 1 0
20484 0 0
20520 1 0
20566 0 0
20612 1 0
20644 0 0
20667 1 0
20707 0 0
20749 1 0
20780 0 0
20825 1 0
20879 0 0
20927 1 0
20999 0 0
21007 1 0
21011 0 0
21090 1 0
21150 0 0
21199 1 0
21245 0 0
21729 1 0
21741 0 0
21765 1 0
21775 0 0
21794 1 0
21804 0 0
22329 1 0
22349 0 0
22369 1 0
22390 0 0
22410 1 0
22425 0 0
22445 1 0
22459 0 0
22476 1 0
22485 0 0
22500 1 0
22505 0 0
22518 1 0
22523 0 0
22536 1 0
22545 0 0
22555 1 0
22566 0 0
22580 1 0
22589 0 0
22603 1 0
22610 0 0
